377
-1.000000000000e+00 0.000000000000e+00 -0.000000000000e+00
-9.000000000000e-01 1.413961032376e-01 1.425000000000e-01
-8.000000000000e-01 2.678193880709e-01 2.700000000000e-01
-7.000000000000e-01 3.792963668198e-01 3.825000000000e-01
-6.000000000000e-01 4.758522296315e-01 4.800000000000e-01
-5.000000000000e-01 5.575102243398e-01 5.625000000000e-01
-4.000000000000e-01 6.242910838561e-01 6.300000000000e-01
-3.000000000000e-01 6.762125158680e-01 6.825000000000e-01
-2.000000000000e-01 7.132887665696e-01 7.200000000000e-01
-1.000000000000e-01 7.355302701504e-01 7.425000000000e-01
0.000000000000e+00 7.429433915705e-01 7.500000000000e-01
1.000000000000e-01 7.355302701504e-01 7.425000000000e-01
2.000000000000e-01 7.132887665696e-01 7.200000000000e-01
3.000000000000e-01 6.762125158680e-01 6.825000000000e-01
4.000000000000e-01 6.242910838561e-01 6.300000000000e-01
5.000000000000e-01 5.575102243398e-01 5.625000000000e-01
6.000000000000e-01 4.758522296315e-01 4.800000000000e-01
7.000000000000e-01 3.792963668198e-01 3.825000000000e-01
8.000000000000e-01 2.678193880709e-01 2.700000000000e-01
9.000000000000e-01 1.413961032376e-01 1.425000000000e-01
1.000000000000e+00 0.000000000000e+00 -0.000000000000e+00
