VERIFICATION
21
-1.000000000000e+00 0.000000000000e+00
-9.000000000000e-01 1.413961032376e-01
-8.000000000000e-01 2.678193880709e-01
-7.000000000000e-01 3.792963668198e-01
-6.000000000000e-01 4.758522296315e-01
-5.000000000000e-01 5.575102243398e-01
-4.000000000000e-01 6.242910838561e-01
-3.000000000000e-01 6.762125158680e-01
-2.000000000000e-01 7.132887665696e-01
-1.000000000000e-01 7.355302701504e-01
0.000000000000e+00 7.429433915705e-01
1.000000000000e-01 7.355302701504e-01
2.000000000000e-01 7.132887665696e-01
3.000000000000e-01 6.762125158680e-01
4.000000000000e-01 6.242910838561e-01
5.000000000000e-01 5.575102243398e-01
6.000000000000e-01 4.758522296315e-01
7.000000000000e-01 3.792963668198e-01
8.000000000000e-01 2.678193880709e-01
9.000000000000e-01 1.413961032376e-01
1.000000000000e+00 0.000000000000e+00
TIMING
3
1.000000000000e-01 21 9.700000000000e-05
1.000000000000e-02 201 1.108844000000e+00
5.000000000000e-03 401 1.973368900000e+01
